#ifndef COLORMATCHINGFUNCTIONS_H
#define COLORMATCHINGFUNCTIONS_H
//CIE 色品图，三刺激值转化后的色度坐标值,波长范围360-830，从delphi的ColorMatchingFunctions.pas文件计算得来，x=X/(X+Y+Z)...
#define CIEDATALEN 3
#define CIEDATANUM 471

const  float ciedata1931[CIEDATANUM][CIEDATALEN] = {
    {0.17556023,0.00529384,0.81914593}, //360nm
    {0.17548253,0.00528634,0.81923113},
    {0.17540002,0.00527864,0.81932134},
    {0.17531705,0.00527097,0.81941198},
    {0.17523674,0.00526349,0.81949977},
    {0.17516122,0.00525635,0.81958244},
    {0.17508779,0.00524684,0.81966536},
    {0.17501494,0.00523557,0.81974949},
    {0.17494519,0.00522616,0.81982865},
    {0.17488012,0.00522078,0.81989909},
    {0.17482061,0.00522060,0.81995879},
    {0.17477025,0.00522867,0.82000108},
    {0.17472204,0.00523752,0.82004044},
    {0.17466537,0.00523616,0.82009847},
    {0.17459505,0.00521832,0.82018663},
    {0.17450972,0.00518164,0.82030864},
    {0.17440925,0.00512676,0.82046399},
    {0.17430846,0.00506759,0.82062395},
    {0.17422177,0.00501703,0.82076120},
    {0.17415559,0.00498144,0.82086296},
    {0.17411223,0.00496373,0.82092404},
    {0.17408831,0.00496360,0.82094809},
    {0.17407259,0.00497254,0.82095487},
    {0.17405702,0.00498204,0.82096094},
    {0.17403627,0.00498596,0.82097777},
    {0.17400792,0.00498055,0.82101153},
    {0.17397193,0.00496408,0.82106399},
    {0.17393168,0.00494341,0.82112491},
    {0.17388904,0.00492605,0.82118492},
    {0.17384526,0.00491609,0.82123865},
    {0.17380077,0.00491541,0.82128382},
    {0.17375444,0.00492485,0.82132071},
    {0.17370535,0.00493710,0.82135755},
    {0.17365519,0.00494379,0.82140102},
    {0.17360602,0.00493990,0.82145409},
    {0.17355991,0.00492320,0.82151689},
    {0.17351445,0.00489545,0.82159010},
    {0.17346850,0.00486458,0.82166692},
    {0.17342367,0.00483631,0.82174002},
    {0.17338000,0.00481334,0.82180667},
    {0.17333687,0.00479674,0.82186639},
    {0.17329129,0.00478585,0.82192287},
    {0.17323792,0.00477889,0.82198319},
    {0.17317424,0.00477513,0.82205063},
    {0.17310101,0.00477403,0.82212496},
    {0.17302097,0.00477505,0.82220398},
    {0.17293426,0.00478115,0.82228460},
    {0.17284276,0.00479079,0.82236645},
    {0.17275115,0.00479876,0.82245009},
    {0.17266211,0.00480208,0.82253581},
    {0.17257655,0.00479930,0.82262415},
    {0.17248948,0.00479525,0.82271527},
    {0.17239560,0.00479612,0.82280828},
    {0.17229600,0.00480263,0.82290137},
    {0.17219236,0.00481489,0.82299275},
    {0.17208663,0.00483252,0.82308085},
    {0.17198245,0.00485501,0.82316254},
    {0.17187102,0.00488853,0.82324045},
    {0.17174121,0.00493933,0.82331945},
    {0.17158724,0.00501034,0.82340242},
    {0.17140743,0.00510217,0.82349040},
    {0.17120611,0.00521126,0.82358263},
    {0.17099257,0.00533391,0.82367352},
    {0.17077060,0.00547012,0.82375928},
    {0.17054066,0.00562097,0.82383837},
    {0.17030099,0.00578850,0.82391051},
    {0.17005016,0.00597390,0.82397595},
    {0.16978587,0.00617681,0.82403732},
    {0.16950460,0.00639804,0.82409736},
    {0.16920292,0.00663871,0.82415837},
    {0.16887752,0.00690024,0.82422224},
    {0.16852466,0.00718404,0.82429130},
    {0.16814615,0.00749068,0.82436317},
    {0.16774622,0.00782082,0.82443296},
    {0.16732833,0.00817540,0.82449627},
    {0.16689529,0.00855561,0.82454910},
    {0.16644633,0.00896440,0.82458927},
    {0.16597676,0.00940172,0.82462153},
    {0.16548330,0.00986468,0.82465202},
    {0.16496266,0.01035074,0.82468659},
    {0.16441176,0.01085756,0.82473069},
    {0.16382843,0.01138487,0.82478670},
    {0.16320990,0.01193739,0.82485272},
    {0.16255214,0.01252003,0.82492783},
    {0.16185144,0.01313731,0.82501125},
    {0.16110458,0.01379336,0.82510206},
    {0.16030960,0.01449138,0.82519903},
    {0.15946595,0.01523206,0.82530199},
    {0.15857311,0.01601516,0.82541173},
    {0.15763117,0.01683987,0.82552896},
    {0.15664093,0.01770480,0.82565426},
    {0.15560510,0.01860861,0.82578630},
    {0.15452461,0.01955570,0.82591969},
    {0.15339723,0.02055373,0.82604904},
    {0.15221924,0.02161171,0.82616905},
    {0.15098541,0.02274019,0.82627440},
    {0.14969056,0.02395033,0.82635911},
    {0.14833682,0.02524740,0.82641578},
    {0.14692823,0.02663519,0.82643659},
    {0.14546837,0.02811843,0.82641319},
    {0.14396040,0.02970297,0.82633663},
    {0.14240509,0.03139358,0.82620133},
    {0.14079565,0.03321315,0.82599120},
    {0.13912068,0.03520057,0.82567874},
    {0.13736376,0.03740309,0.82523315},
    {0.13550267,0.03987912,0.82461821},
    {0.13350934,0.04269239,0.82379827},
    {0.13137064,0.04587598,0.82275339},
    {0.12908579,0.04944981,0.82146440},
    {0.12666216,0.05342592,0.81991192},
    {0.12411848,0.05780251,0.81807901},
    {0.12146858,0.06258767,0.81594374},
    {0.11870128,0.06783044,0.81346828},
    {0.11580736,0.07358071,0.81061193},
    {0.11277605,0.07989582,0.80732812},
    {0.10959432,0.08684251,0.80356317},
    {0.10626074,0.09448607,0.79925319},
    {0.10277586,0.10286374,0.79436040},
    {0.09912760,0.11200703,0.78886537},
    {0.09530406,0.12194486,0.78275108},
    {0.09129351,0.13270204,0.77600445},
    {0.08708243,0.14431658,0.76860099},
    {0.08267953,0.15686596,0.76045451},
    {0.07811599,0.17042049,0.75146353},
    {0.07343726,0.18503188,0.74153086},
    {0.06870592,0.20072322,0.73057086},
    {0.06399302,0.21746761,0.71853937},
    {0.05931583,0.23525374,0.70543043},
    {0.05466652,0.25409559,0.69123789},
    {0.05003150,0.27400180,0.67596670},
    {0.04539073,0.29497596,0.65963330},
    {0.04075732,0.31698108,0.64226160},
    {0.03619511,0.33989993,0.62390496},
    {0.03175647,0.36359769,0.60464584},
    {0.02749419,0.38792133,0.58458448},
    {0.02345994,0.41270348,0.56383658},
    {0.01970464,0.43775589,0.54253948},
    {0.01626847,0.46295451,0.52077702},
    {0.01318304,0.48820707,0.49860989},
    {0.01047570,0.51340425,0.47612005},
    {0.00816803,0.53842307,0.45340890},
    {0.00628485,0.56306846,0.43064669},
    {0.00487543,0.58711644,0.40800813},
    {0.00398243,0.61044750,0.38557008},
    {0.00363638,0.63301138,0.36335223},
    {0.00385852,0.65482315,0.34131833},
    {0.00464571,0.67589846,0.31945583},
    {0.00601091,0.69612006,0.29786903},
    {0.00798840,0.71534152,0.27667009},
    {0.01060329,0.73341294,0.25598377},
    {0.01387025,0.75018643,0.23594333},
    {0.01776612,0.76561215,0.21662172},
    {0.02224421,0.77962992,0.19812587},
    {0.02727326,0.79210350,0.18062323},
    {0.03282036,0.80292567,0.16425397},
    {0.03885180,0.81201602,0.14913218},
    {0.04532798,0.81939080,0.13528121},
    {0.05217669,0.82516354,0.12265977},
    {0.05932553,0.82942578,0.11124869},
    {0.06671589,0.83227374,0.10101037},
    {0.07430242,0.83380309,0.09189448},
    {0.08205340,0.83409031,0.08385629},
    {0.08994174,0.83328892,0.07676934},
    {0.09793975,0.83159267,0.07046758},
    {0.10602111,0.82917819,0.06480071},
    {0.11416072,0.82620696,0.05963232},
    {0.12234737,0.82277040,0.05488223},
    {0.13054567,0.81892785,0.05052648},
    {0.13870235,0.81477438,0.04652327},
    {0.14677322,0.81039461,0.04283218},
    {0.15472206,0.80586355,0.03941439},
    {0.16253542,0.80123848,0.03622609},
    {0.17023720,0.79651854,0.03324426},
    {0.17784953,0.79168658,0.03046389},
    {0.18539076,0.78672777,0.02788147},
    {0.19287610,0.78162922,0.02549469},
    {0.20030880,0.77639942,0.02329179},
    {0.20768999,0.77105480,0.02125521},
    {0.21502955,0.76559510,0.01937535},
    {0.22233660,0.76002000,0.01764340},
    {0.22961967,0.75432909,0.01605124},
    {0.23688472,0.74852447,0.01459081},
    {0.24413256,0.74261399,0.01325345},
    {0.25136341,0.73660558,0.01203101},
    {0.25857751,0.73050660,0.01091589},
    {0.26577508,0.72432392,0.00990099},
    {0.27295760,0.71806219,0.00898021},
    {0.28012894,0.71172473,0.00814632},
    {0.28729241,0.70531627,0.00739132},
    {0.29445028,0.69884202,0.00670770},
    {0.30160380,0.69230776,0.00608844},
    {0.30875992,0.68571206,0.00552802},
    {0.31591439,0.67906348,0.00502213},
    {0.32306627,0.67236740,0.00456634},
    {0.33021555,0.66562803,0.00415643},
    {0.33736333,0.65884829,0.00378838},
    {0.34451320,0.65202821,0.00345859},
    {0.35166441,0.64517217,0.00316341},
    {0.35881369,0.63828734,0.00289898},
    {0.36595936,0.63137908,0.00266156},
    {0.37310154,0.62445086,0.00244760},
    {0.38024384,0.61750215,0.00225401},
    {0.38737898,0.61054180,0.00207922},
    {0.39450655,0.60357134,0.00192211},
    {0.40162592,0.59659242,0.00178166},
    {0.40873626,0.58960687,0.00165688},
    {0.41583577,0.58261797,0.00154626},
    {0.42292093,0.57563069,0.00144838},
    {0.42998863,0.56864889,0.00136248},
    {0.43703642,0.56167577,0.00128780},
    {0.44406246,0.55471390,0.00122363},
    {0.45106494,0.54776604,0.00116901},
    {0.45804067,0.54083663,0.00112271},
    {0.46498633,0.53393005,0.00108361},
    {0.47189874,0.52705057,0.00105069},
    {0.47877479,0.52020231,0.00102290},
    {0.48561159,0.51338866,0.00099975},
    {0.49240498,0.50661492,0.00098009},
    {0.49915067,0.49988734,0.00096199},
    {0.50584528,0.49321118,0.00094354},
    {0.51248637,0.48659079,0.00092285},
    {0.51907251,0.48002861,0.00089888},
    {0.52560049,0.47352737,0.00087214},
    {0.53206560,0.46709136,0.00084304},
    {0.53846276,0.46072525,0.00081198},
    {0.54478651,0.45443411,0.00077938},
    {0.55103105,0.44822450,0.00074445},
    {0.55719291,0.44209914,0.00070795},
    {0.56326931,0.43605806,0.00067263},
    {0.56925682,0.43010197,0.00064120},
    {0.57515131,0.42423223,0.00061645},
    {0.58095261,0.41844688,0.00060052},
    {0.58665019,0.41275842,0.00059139},
    {0.59222480,0.40718953,0.00058567},
    {0.59765816,0.40176193,0.00057990},
    {0.60293279,0.39649663,0.00057058},
    {0.60803511,0.39140915,0.00055574},
    {0.61297700,0.38648616,0.00053684},
    {0.61777873,0.38170576,0.00051552},
    {0.62245930,0.37704729,0.00049342},
    {0.62703660,0.37249115,0.00047226},
    {0.63152094,0.36802601,0.00045305},
    {0.63589982,0.36366540,0.00043478},
    {0.64015616,0.35942772,0.00041612},
    {0.64427296,0.35533137,0.00039567},
    {0.64823311,0.35139492,0.00037198},
    {0.65202824,0.34762796,0.00034380},
    {0.65566918,0.34401829,0.00031253},
    {0.65916613,0.34055323,0.00028064},
    {0.66252822,0.33722099,0.00025079},
    {0.66576358,0.33401065,0.00022577},
    {0.66887414,0.33091855,0.00020730},
    {0.67185867,0.32794707,0.00019426},
    {0.67471951,0.32509518,0.00018531},
    {0.67745889,0.32236208,0.00017904},
    {0.68007885,0.31974722,0.00017393},
    {0.68258157,0.31724871,0.00016972},
    {0.68497060,0.31486282,0.00016658},
    {0.68725045,0.31258596,0.00016358},
    {0.68942630,0.31041401,0.00015969},
    {0.69150397,0.30834226,0.00015377},
    {0.69348963,0.30636569,0.00014467},
    {0.69538864,0.30447856,0.00013281},
    {0.69720557,0.30267507,0.00011936},
    {0.69894391,0.30095042,0.00010566},
    {0.70060606,0.29930070,0.00009324},
    {0.70219259,0.29772451,0.00008290},
    {0.70370869,0.29621712,0.00007419},
    {0.70516285,0.29477029,0.00006685},
    {0.70656325,0.29337615,0.00006060},
    {0.70791779,0.29202711,0.00005510},
    {0.70923099,0.29071862,0.00005039},
    {0.71050039,0.28945294,0.00004666},
    {0.71172415,0.28823210,0.00004375},
    {0.71290123,0.28705732,0.00004145},
    {0.71403160,0.28592887,0.00003953},
    {0.71511705,0.28484511,0.00003784},
    {0.71615920,0.28380445,0.00003635},
    {0.71715861,0.28280641,0.00003497},
    {0.71811614,0.28185026,0.00003360},
    {0.71903294,0.28093495,0.00003211},
    {0.71991155,0.28005808,0.00003037},
    {0.72075271,0.27921896,0.00002833},
    {0.72155452,0.27841951,0.00002596},
    {0.72231492,0.27766187,0.00002321},
    {0.72303160,0.27694836,0.00002004},
    {0.72370192,0.27628184,0.00001625},
    {0.72432802,0.27566007,0.00001191},
    {0.72491441,0.27507818,0.00000741},
    {0.72546678,0.27452998,0.00000325},
    {0.72599232,0.27400768,0.00000000},
    {0.72649473,0.27350527,0.00000000},
    {0.72697497,0.27302503,0.00000000},
    {0.72743184,0.27256816,0.00000000},
    {0.72786431,0.27213569,0.00000000},
    {0.72827173,0.27172827,0.00000000},
    {0.72865649,0.27134351,0.00000000},
    {0.72902003,0.27097997,0.00000000},
    {0.72936095,0.27063905,0.00000000},
    {0.72967778,0.27032222,0.00000000},
    {0.72996901,0.27003099,0.00000000},
    {0.73023395,0.26976605,0.00000000},
    {0.73047417,0.26952583,0.00000000},
    {0.73069331,0.26930669,0.00000000},
    {0.73089625,0.26910375,0.00000000},
    {0.73108940,0.26891060,0.00000000},
    {0.73127964,0.26872036,0.00000000},
    {0.73146705,0.26853295,0.00000000},
    {0.73164997,0.26835003,0.00000000},
    {0.73182633,0.26817367,0.00000000},
    {0.73199330,0.26800670,0.00000000},
    {0.73215042,0.26784958,0.00000000},
    {0.73229983,0.26770017,0.00000000},
    {0.73244282,0.26755718,0.00000000},
    {0.73258149,0.26741851,0.00000000},
    {0.73271889,0.26728111,0.00000000},
    {0.73285865,0.26714135,0.00000000},
    {0.73300021,0.26699979,0.00000000},
    {0.73314167,0.26685833,0.00000000},
    {0.73328118,0.26671882,0.00000000},
    {0.73341697,0.26658303,0.00000000},
    {0.73355059,0.26644941,0.00000000},
    {0.73368330,0.26631670,0.00000000},
    {0.73381272,0.26618728,0.00000000},
    {0.73393569,0.26606431,0.00000000},
    {0.73404730,0.26595270,0.00000000},
    {0.73414256,0.26585744,0.00000000},
    {0.73422147,0.26577853,0.00000000},
    {0.73428645,0.26571355,0.00000000},
    {0.73434092,0.26565908,0.00000000},
    {0.73439016,0.26560984,0.00000000},
    {0.73443771,0.26556229,0.00000000},
    {0.73448217,0.26551783,0.00000000},
    {0.73452293,0.26547707,0.00000000},
    {0.73455952,0.26544048,0.00000000},
    {0.73459166,0.26540834,0.00000000},
    {0.73462109,0.26537891,0.00000000},
    {0.73464890,0.26535110,0.00000000},
    {0.73467338,0.26532662,0.00000000},
    {0.73469005,0.26530995,0.00000000},
    {0.73469002,0.26530998,0.00000000},
    {0.73468999,0.26531001,0.00000000},
    {0.73469001,0.26530999,0.00000000},
    {0.73469001,0.26530999,0.00000000},
    {0.73469000,0.26531000,0.00000000},
    {0.73469001,0.26530999,0.00000000},
    {0.73469000,0.26531000,0.00000000},
    {0.73468999,0.26531001,0.00000000},
    {0.73469000,0.26531000,0.00000000},
    {0.73469002,0.26530998,0.00000000},
    {0.73468999,0.26531001,0.00000000},
    {0.73469001,0.26530999,0.00000000},
    {0.73469002,0.26530998,0.00000000},
    {0.73468999,0.26531001,0.00000000},
    {0.73468999,0.26531001,0.00000000},
    {0.73469001,0.26530999,0.00000000},
    {0.73469002,0.26530998,0.00000000},
    {0.73469000,0.26531000,0.00000000},
    {0.73468998,0.26531002,0.00000000},
    {0.73468998,0.26531002,0.00000000},
    {0.73469000,0.26531000,0.00000000},
    {0.73468999,0.26531001,0.00000000},
    {0.73468997,0.26531003,0.00000000},
    {0.73468998,0.26531002,0.00000000},
    {0.73468996,0.26531004,0.00000000},
    {0.73469000,0.26531000,0.00000000},
    {0.73468998,0.26531002,0.00000000},
    {0.73468996,0.26531004,0.00000000},
    {0.73469003,0.26530997,0.00000000},
    {0.73468998,0.26531002,0.00000000},
    {0.73468995,0.26531005,0.00000000},
    {0.73469003,0.26530997,0.00000000},
    {0.73468996,0.26531004,0.00000000},
    {0.73468994,0.26531006,0.00000000},
    {0.73469008,0.26530992,0.00000000},
    {0.73468999,0.26531001,0.00000000},
    {0.73468999,0.26531001,0.00000000},
    {0.73469000,0.26531000,0.00000000},
    {0.73468999,0.26531001,0.00000000},
    {0.73469000,0.26531000,0.00000000},
    {0.73469001,0.26530999,0.00000000},
    {0.73469000,0.26531000,0.00000000},
    {0.73468999,0.26531001,0.00000000},
    {0.73469000,0.26531000,0.00000000},
    {0.73468999,0.26531001,0.00000000},
    {0.73469000,0.26531000,0.00000000},
    {0.73468999,0.26531001,0.00000000},
    {0.73469000,0.26531000,0.00000000},
    {0.73468999,0.26531001,0.00000000},
    {0.73469002,0.26530998,0.00000000},
    {0.73469001,0.26530999,0.00000000},
    {0.73469000,0.26531000,0.00000000},
    {0.73469003,0.26530997,0.00000000},
    {0.73469002,0.26530998,0.00000000},
    {0.73469002,0.26530998,0.00000000},
    {0.73469000,0.26531000,0.00000000},
    {0.73468997,0.26531003,0.00000000},
    {0.73469002,0.26530998,0.00000000},
    {0.73468999,0.26531001,0.00000000},
    {0.73469001,0.26530999,0.00000000},
    {0.73468995,0.26531005,0.00000000},
    {0.73468996,0.26531004,0.00000000},
    {0.73469005,0.26530995,0.00000000},
    {0.73468999,0.26531001,0.00000000},
    {0.73468996,0.26531004,0.00000000},
    {0.73468992,0.26531008,0.00000000},
    {0.73469005,0.26530995,0.00000000},
    {0.73469009,0.26530991,0.00000000},
    {0.73469001,0.26530999,0.00000000},
    {0.73468999,0.26531001,0.00000000},
    {0.73469000,0.26531000,0.00000000},
    {0.73469000,0.26531000,0.00000000},
    {0.73469001,0.26530999,0.00000000},
    {0.73468999,0.26531001,0.00000000},
    {0.73469001,0.26530999,0.00000000},
    {0.73468999,0.26531001,0.00000000},
    {0.73469000,0.26531000,0.00000000},
    {0.73468999,0.26531001,0.00000000},
    {0.73469001,0.26530999,0.00000000},
    {0.73468999,0.26531001,0.00000000},
    {0.73468998,0.26531002,0.00000000},
    {0.73469002,0.26530998,0.00000000},
    {0.73468997,0.26531003,0.00000000},
    {0.73469000,0.26531000,0.00000000},
    {0.73469000,0.26531000,0.00000000},
    {0.73468999,0.26531001,0.00000000},
    {0.73469000,0.26531000,0.00000000},
    {0.73468997,0.26531003,0.00000000},
    {0.73469000,0.26531000,0.00000000},
    {0.73469003,0.26530997,0.00000000},
    {0.73468995,0.26531005,0.00000000},
    {0.73468996,0.26531004,0.00000000},
    {0.73469002,0.26530998,0.00000000},
    {0.73469000,0.26531000,0.00000000},
    {0.73469002,0.26530998,0.00000000},
    {0.73468997,0.26531003,0.00000000},
    {0.73469007,0.26530993,0.00000000},
    {0.73469004,0.26530996,0.00000000},
    {0.73469007,0.26530993,0.00000000},
    {0.73468995,0.26531005,0.00000000},
    {0.73468999,0.26531001,0.00000000},
    {0.73469000,0.26531000,0.00000000},
    {0.73469001,0.26530999,0.00000000},
    {0.73469000,0.26531000,0.00000000},
    {0.73468999,0.26531001,0.00000000},
    {0.73468999,0.26531001,0.00000000},
    {0.73468999,0.26531001,0.00000000},
    {0.73469001,0.26530999,0.00000000},
    {0.73468999,0.26531001,0.00000000},
    {0.73468999,0.26531001,0.00000000},
    {0.73469000,0.26531000,0.00000000},
    {0.73469001,0.26530999,0.00000000},
    {0.73469001,0.26530999,0.00000000},
    {0.73469002,0.26530998,0.00000000},
    {0.73468999,0.26531001,0.00000000},
    {0.73469001,0.26530999,0.00000000},
    {0.73468998,0.26531002,0.00000000},
    {0.73468997,0.26531003,0.00000000},
    {0.73469000,0.26531000,0.00000000},
    {0.73468998,0.26531002,0.00000000},
    {0.73468998,0.26531002,0.00000000},
    {0.73469006,0.26530994,0.00000000},
    {0.73469004,0.26530996,0.00000000},
    {0.73469011,0.26530989,0.00000000},
    {0.73468995,0.26531005,0.00000000},
    {0.73468997,0.26531003,0.00000000},
    {0.73468985,0.26531015,0.00000000},
    {0.73468986,0.26531014,0.00000000},
    {0.73469004,0.26530996,0.00000000},
    {0.73469018,0.26530982,0.00000000},
    {0.73468996,0.26531004,0.00000000}  //830nm
};

//280-980，近红外
const  float spec_data1[701] = {
    0	,
    0	,
    0	,
    0	,
    0	,
    0	,
    0	,
    0	,
    0	,
    0	,
    0	,
    0	,
    0	,
    0	,
    0	,
    0	,
    0	,
    0	,
    0	,
    0	,
    0	,
    0	,
    0	,
    0	,
    0	,
    0	,
    0	,
    0	,
    0	,
    0	,
    0	,
    0	,
    0	,
    0	,
    0	,
    0	,
    0	,
    0	,
    0	,
    0	,
    0	,
    0	,
    0	,
    0	,
    0	,
    0	,
    0	,
    0	,
    0	,
    0	,
    0	,
    0	,
    0	,
    0	,
    0	,
    0	,
    0	,
    0	,
    0	,
    0	,
    0	,
    0	,
    0	,
    0	,
    0	,
    0	,
    0	,
    0	,
    0	,
    0	,
    0	,
    0	,
    0	,
    0	,
    0	,
    0	,
    0	,
    0	,
    0	,
    0	,
    0	,
    0	,
    0	,
    0	,
    0	,
    0	,
    0	,
    0	,
    0	,
    0	,
    0	,
    0	,
    0	,
    0	,
    0.007742	,
    0	,
    0	,
    0.01229	,
    0.016232	,
    0	,
    0.006622	,
    0.006814	,
    0.007318	,
    0.002779	,
    0.003964	,
    0	,
    0	,
    0.001592	,
    0.004484	,
    0.006446	,
    0.001719	,
    0	,
    0	,
    0.000417	,
    0.002653	,
    0.003598	,
    0.004403	,
    0.002367	,
    0.003972	,
    0.003302	,
    0.004421	,
    0.001981	,
    0.002582	,
    0.001074	,
    0.002088	,
    0.000459	,
    0.000246	,
    0	,
    0.000194	,
    0.000863	,
    0.000048	,
    0	,
    0	,
    0	,
    0.001277	,
    0.000806	,
    0.000971	,
    0.000207	,
    0.002563	,
    0.003134	,
    0.000569	,
    0.001039	,
    0.000337	,
    0.000336	,
    0	,
    0.001773	,
    0.00211	,
    0.002121	,
    0.001106	,
    0.002331	,
    0.003088	,
    0.003691	,
    0.001875	,
    0	,
    0	,
    0	,
    0	,
    0.001127	,
    0.000195	,
    0	,
    0.001446	,
    0.001171	,
    0.00131	,
    0	,
    0.000524	,
    0.001937	,
    0.001963	,
    0.001388	,
    0.001817	,
    0.002758	,
    0.00114	,
    0.000117	,
    0.000196	,
    0.001043	,
    0.001133	,
    0.000277	,
    0.000022	,
    0.000065	,
    0.000374	,
    0.000672	,
    0.002292	,
    0.000707	,
    0.000293	,
    0	,
    0.000504	,
    0.001678	,
    0.001306	,
    0.000199	,
    0.001171	,
    0.000476	,
    0.000047	,
    0	,
    0.000165	,
    0.000735	,
    0.000532	,
    0.000162	,
    0.00001	,
    0.000112	,
    0.000119	,
    0.000037	,
    0.000614	,
    0.000401	,
    0.000294	,
    0.000084	,
    0.000288	,
    0.000452	,
    0.000418	,
    0	,
    0.000235	,
    0.000519	,
    0.000287	,
    0	,
    0	,
    0.000098	,
    0.000386	,
    0.000199	,
    0.00034	,
    0.000547	,
    0.000619	,
    0.000211	,
    0.000052	,
    0	,
    0	,
    0	,
    0	,
    0.000009	,
    0.000587	,
    0.000683	,
    0.00072	,
    0.000318	,
    0.000246	,
    0	,
    0	,
    0	,
    0	,
    0.000057	,
    0.000142	,
    0	,
    0	,
    0	,
    0	,
    0	,
    0.000281	,
    0.000406	,
    0.000614	,
    0.00068	,
    0.000453	,
    0.000248	,
    0.000453	,
    0.000279	,
    0	,
    0	,
    0	,
    0.000267	,
    0.000377	,
    0.000341	,
    0.000153	,
    0	,
    0	,
    0.000093	,
    0.000193	,
    0	,
    0	,
    0	,
    0.000092	,
    0.000365	,
    0.000578	,
    0.000738	,
    0.000948	,
    0.000546	,
    0.000217	,
    0.000183	,
    0.000171	,
    0.000535	,
    0.000285	,
    0.000123	,
    0.000611	,
    0.000601	,
    0.000439	,
    0	,
    0	,
    0	,
    0.000319	,
    0.00035	,
    0.000249	,
    0.000188	,
    0.000187	,
    0.000413	,
    0.000188	,
    0.000268	,
    0.000476	,
    0.000655	,
    0.000156	,
    0	,
    0.000026	,
    0.000235	,
    0.00042	,
    0.000339	,
    0.00038	,
    0.000512	,
    0.0005	,
    0.000455	,
    0.000139	,
    0	,
    0.000013	,
    0.000223	,
    0.000192	,
    0	,
    0.000015	,
    0	,
    0.000285	,
    0.000496	,
    0.000639	,
    0.000247	,
    0.000225	,
    0.000375	,
    0.000208	,
    0.000101	,
    0.000081	,
    0.000456	,
    0.000619	,
    0.000175	,
    0.000066	,
    0	,
    0	,
    0.000053	,
    0.000259	,
    0.000069	,
    0	,
    0.000059	,
    0.00042	,
    0.000304	,
    0	,
    0	,
    0.000511	,
    0.000493	,
    0.000506	,
    0.000521	,
    0.00046	,
    0.000036	,
    0.000167	,
    0.000708	,
    0.000608	,
    0.000161	,
    0.00008	,
    0.000337	,
    0.000375	,
    0.000696	,
    0.000457	,
    0.000317	,
    0.000066	,
    0.000085	,
    0.000393	,
    0.000558	,
    0.00055	,
    0.000573	,
    0.000195	,
    0	,
    0	,
    0.00021	,
    0.000703	,
    0.000487	,
    0.000109	,
    0.000227	,
    0.001024	,
    0.000933	,
    0.000434	,
    0.000199	,
    0.00005	,
    0.000104	,
    0	,
    0	,
    0	,
    0	,
    0	,
    0.000497	,
    0.001037	,
    0.000381	,
    0.000303	,
    0.000613	,
    0.001152	,
    0.000962	,
    0.000714	,
    0.000704	,
    0.000923	,
    0.000117	,
    0	,
    0.000064	,
    0	,
    0	,
    0.000209	,
    0.000383	,
    0.000828	,
    0.000193	,
    0.000412	,
    0.000285	,
    0.000709	,
    0.000774	,
    0.001396	,
    0.001065	,
    0.000556	,
    0.000479	,
    0.00018	,
    0	,
    0	,
    0	,
    0.000455	,
    0.001758	,
    0.001095	,
    0.000575	,
    0.000195	,
    0.000229	,
    0	,
    0	,
    0.000497	,
    0.000348	,
    0.000244	,
    0	,
    0.00025	,
    0	,
    0.000569	,
    0.000716	,
    0.000589	,
    0.000169	,
    0.00122	,
    0.001934	,
    0.001188	,
    0.001323	,
    0.000875	,
    0.000281	,
    0.00035	,
    0.001006	,
    0.001165	,
    0.00089	,
    0.00006	,
    0.000767	,
    0.001541	,
    0.002201	,
    0.002305	,
    0.001998	,
    0.001947	,
    0.001155	,
    0.000984	,
    0.000069	,
    0	,
    0.000221	,
    0.000469	,
    0.000389	,
    0	,
    0.000159	,
    0.001279	,
    0.002989	,
    0.003872	,
    0.003685	,
    0.003237	,
    0.001689	,
    0.002082	,
    0.001302	,
    0.001635	,
    0.003051	,
    0.004228	,
    0.003343	,
    0.00271	,
    0.003652	,
    0.005718	,
    0.006127	,
    0.003383	,
    0.003801	,
    0.004305	,
    0.003911	,
    0.004277	,
    0.003818	,
    0.00443	,
    0.007896	,
    0.007536	,
    0.004871	,
    0.00516	,
    0.006411	,
    0.008333	,
    0.010959	,
    0.011364	,
    0.011894	,
    0.012126	,
    0.01307	,
    0.013125	,
    0.011433	,
    0.010151	,
    0.014148	,
    0.015487	,
    0.015749	,
    0.017151	,
    0.018513	,
    0.017921	,
    0.015714	,
    0.014955	,
    0.018441	,
    0.020959	,
    0.021245	,
    0.022838	,
    0.021704	,
    0.025687	,
    0.029254	,
    0.02844	,
    0.027744	,
    0.029824	,
    0.030282	,
    0.033071	,
    0.035852	,
    0.035213	,
    0.039555	,
    0.046182	,
    0.049839	,
    0.051799	,
    0.051901	,
    0.058561	,
    0.064927	,
    0.063588	,
    0.067594	,
    0.075694	,
    0.079324	,
    0.08373	,
    0.092165	,
    0.096413	,
    0.102791	,
    0.111641	,
    0.11542	,
    0.12237	,
    0.133951	,
    0.145718	,
    0.156247	,
    0.164641	,
    0.175418	,
    0.185998	,
    0.198456	,
    0.213741	,
    0.224063	,
    0.234268	,
    0.247572	,
    0.261201	,
    0.28373	,
    0.308055	,
    0.328138	,
    0.348799	,
    0.371469	,
    0.395934	,
    0.420971	,
    0.444451	,
    0.475293	,
    0.507005	,
    0.53903	,
    0.573439	,
    0.60692	,
    0.636822	,
    0.672257	,
    0.714878	,
    0.759389	,
    0.804833	,
    0.84901	,
    0.904321	,
    0.977169	,
    1.034865	,
    1.089655	,
    1.155618	,
    1.218586	,
    1.288673	,
    1.372241	,
    1.454427	,
    1.542774	,
    1.630483	,
    1.737423	,
    1.837505	,
    1.932115	,
    2.037538	,
    2.170075	,
    2.299878	,
    2.419297	,
    2.552998	,
    2.699078	,
    2.833844	,
    2.985991	,
    3.189605	,
    3.366649	,
    3.535835	,
    3.714523	,
    3.913021	,
    4.12528	,
    4.363493	,
    4.588659	,
    4.864713	,
    5.11739	,
    5.332091	,
    5.63306	,
    5.943087	,
    6.257752	,
    6.583321	,
    6.893862	,
    7.2763	,
    7.682555	,
    8.104933	,
    8.47662	,
    8.821892	,
    9.244804	,
    9.733283	,
    10.133013	,
    10.548049	,
    11.048373	,
    11.589466	,
    12.036875	,
    12.49899	,
    13.013161	,
    13.382595	,
    13.869999	,
    14.327411	,
    14.755515	,
    15.226343	,
    15.605118	,
    15.955799	,
    16.268369	,
    16.608611	,
    16.915532	,
    17.090819	,
    17.156392	,
    17.386745	,
    17.667805	,
    17.695582	,
    17.520256	,
    17.414484	,
    17.274118	,
    17.081923	,
    16.947172	,
    16.727995	,
    16.443561	,
    15.949189	,
    15.578763	,
    15.168123	,
    14.674685	,
    14.186341	,
    13.719679	,
    13.26778	,
    12.726777	,
    12.169045	,
    11.558549	,
    11.01734	,
    10.560144	,
    10.083612	,
    9.543436	,
    8.957815	,
    8.451396	,
    7.984067	,
    7.507349	,
    7.081842	,
    6.667838	,
    6.321339	,
    5.898324	,
    5.545781	,
    5.244563	,
    4.901746	,
    4.525628	,
    4.12905	,
    3.837093	,
    3.594198	,
    3.397744	,
    3.153823	,
    2.892178	,
    2.725459	,
    2.530472	,
    2.316317	,
    2.092423	,
    1.950829	,
    1.866519	,
    1.781014	,
    1.626571	,
    1.448748	,
    1.341064	,
    1.244741	,
    1.179374	,
    1.153632	,
    1.068675	,
    0.96628	,
    0.868232	,
    0.806689	,
    0.773331	,
    0.735488	,
    0.656628	,
    0.569521	,
    0.546882	,
    0.531655	,
    0.499164	,
    0.471877	,
    0.413395	,
    0.385724	,
    0.397678	,
    0.338129	,
    0.264727	,
    0.267867	,
    0.254699	,
    0.23973	,
    0.223939	,
    0.2197	,
    0.210076	,
    0.191689
};
//380-780，白光
const  float spec_data2[401] = {
    0.0000049198 	,
    0.0000042021 	,
    0.0000038112 	,
    0.0000030887 	,
    0.0000016910 	,
    0.0000026051 	,
    0.0000021865 	,
    0.0000025292 	,
    0.0000036456 	,
    0.0000038233 	,
    0.0000035060 	,
    0.0000026433 	,
    0.0000031454 	,
    0.0000034213 	,
    0.0000029712 	,
    0.0000026851 	,
    0.0000030763 	,
    0.0000027922 	,
    0.0000031352 	,
    0.0000039319 	,
    0.0000034703 	,
    0.0000028026 	,
    0.0000033872 	,
    0.0000040450 	,
    0.0000037303 	,
    0.0000037122 	,
    0.0000039632 	,
    0.0000044946 	,
    0.0000042627 	,
    0.0000047878 	,
    0.0000056917 	,
    0.0000065731 	,
    0.0000070782 	,
    0.0000080847 	,
    0.0000083261 	,
    0.0000094137 	,
    0.0000113330 	,
    0.0000128700 	,
    0.0000146120 	,
    0.0000165900 	,
    0.0000201380 	,
    0.0000236590 	,
    0.0000269290 	,
    0.0000311920 	,
    0.0000356840 	,
    0.0000407300 	,
    0.0000465150 	,
    0.0000537910 	,
    0.0000615840 	,
    0.0000704530 	,
    0.0000807800 	,
    0.0000914520 	,
    0.0001039600 	,
    0.0001189900 	,
    0.0001335900 	,
    0.0001513700 	,
    0.0001713200 	,
    0.0001948000 	,
    0.0002253800 	,
    0.0002549100 	,
    0.0002922300 	,
    0.0003361700 	,
    0.0003848000 	,
    0.0004399100 	,
    0.0004995700 	,
    0.0005586400 	,
    0.0006198800 	,
    0.0006670500 	,
    0.0007052000 	,
    0.0007200500 	,
    0.0007233800 	,
    0.0006992700 	,
    0.0006569700 	,
    0.0006068800 	,
    0.0005499300 	,
    0.0004920800 	,
    0.0004408000 	,
    0.0003982400 	,
    0.0003629400 	,
    0.0003374300 	,
    0.0003169400 	,
    0.0003014600 	,
    0.0002919900 	,
    0.0002801100 	,
    0.0002688400 	,
    0.0002560600 	,
    0.0002401600 	,
    0.0002253400 	,
    0.0002088500 	,
    0.0001928100 	,
    0.0001781800 	,
    0.0001648500 	,
    0.0001482500 	,
    0.0001387700 	,
    0.0001318000 	,
    0.0001262300 	,
    0.0001226800 	,
    0.0001209200 	,
    0.0001204100 	,
    0.0001190600 	,
    0.0001191300 	,
    0.0001205600 	,
    0.0001197000 	,
    0.0001197700 	,
    0.0001209100 	,
    0.0001215500 	,
    0.0001229600 	,
    0.0001242100 	,
    0.0001253100 	,
    0.0001275600 	,
    0.0001308500 	,
    0.0001334000 	,
    0.0001359700 	,
    0.0001395800 	,
    0.0001440500 	,
    0.0001470900 	,
    0.0001517800 	,
    0.0001551400 	,
    0.0001598100 	,
    0.0001630000 	,
    0.0001659100 	,
    0.0001698100 	,
    0.0001728400 	,
    0.0001760200 	,
    0.0001792000 	,
    0.0001815100 	,
    0.0001838500 	,
    0.0001879700 	,
    0.0001901700 	,
    0.0001932200 	,
    0.0001956600 	,
    0.0001978200 	,
    0.0002007600 	,
    0.0002034600 	,
    0.0002056400 	,
    0.0002076000 	,
    0.0002101300 	,
    0.0002118500 	,
    0.0002150400 	,
    0.0002167600 	,
    0.0002179200 	,
    0.0002200200 	,
    0.0002227000 	,
    0.0002252600 	,
    0.0002276700 	,
    0.0002301900 	,
    0.0002316400 	,
    0.0002336000 	,
    0.0002373500 	,
    0.0002386800 	,
    0.0002412000 	,
    0.0002435600 	,
    0.0002454300 	,
    0.0002480000 	,
    0.0002505400 	,
    0.0002536500 	,
    0.0002550000 	,
    0.0002572700 	,
    0.0002588400 	,
    0.0002604200 	,
    0.0002631600 	,
    0.0002672500 	,
    0.0002684900 	,
    0.0002697700 	,
    0.0002711800 	,
    0.0002734000 	,
    0.0002758100 	,
    0.0002785600 	,
    0.0002801700 	,
    0.0002828500 	,
    0.0002847200 	,
    0.0002860400 	,
    0.0002871400 	,
    0.0002894100 	,
    0.0002924600 	,
    0.0002941200 	,
    0.0002948700 	,
    0.0002965400 	,
    0.0002983000 	,
    0.0002997300 	,
    0.0003010000 	,
    0.0003022000 	,
    0.0003030700 	,
    0.0003060400 	,
    0.0003049500 	,
    0.0003072000 	,
    0.0003092300 	,
    0.0003111000 	,
    0.0003124900 	,
    0.0003138600 	,
    0.0003155000 	,
    0.0003177400 	,
    0.0003184500 	,
    0.0003208700 	,
    0.0003232400 	,
    0.0003251300 	,
    0.0003277500 	,
    0.0003293300 	,
    0.0003313600 	,
    0.0003334900 	,
    0.0003364500 	,
    0.0003394300 	,
    0.0003419100 	,
    0.0003456000 	,
    0.0003476800 	,
    0.0003514200 	,
    0.0003548400 	,
    0.0003583400 	,
    0.0003627400 	,
    0.0003658700 	,
    0.0003697200 	,
    0.0003751100 	,
    0.0003787800 	,
    0.0003845500 	,
    0.0003891200 	,
    0.0003928600 	,
    0.0003989500 	,
    0.0004037200 	,
    0.0004080700 	,
    0.0004143000 	,
    0.0004187900 	,
    0.0004243700 	,
    0.0004306300 	,
    0.0004359400 	,
    0.0004413700 	,
    0.0004482400 	,
    0.0004528300 	,
    0.0004586400 	,
    0.0004646700 	,
    0.0004708200 	,
    0.0004756600 	,
    0.0004822900 	,
    0.0004887500 	,
    0.0004941900 	,
    0.0004986900 	,
    0.0005031000 	,
    0.0005099700 	,
    0.0005148600 	,
    0.0005206100 	,
    0.0005254200 	,
    0.0005292000 	,
    0.0005323900 	,
    0.0005361100 	,
    0.0005407000 	,
    0.0005443400 	,
    0.0005494300 	,
    0.0005517100 	,
    0.0005534600 	,
    0.0005558400 	,
    0.0005578800 	,
    0.0005599200 	,
    0.0005618800 	,
    0.0005632100 	,
    0.0005629300 	,
    0.0005647600 	,
    0.0005659600 	,
    0.0005663300 	,
    0.0005670600 	,
    0.0005682200 	,
    0.0005668700 	,
    0.0005651600 	,
    0.0005639800 	,
    0.0005623100 	,
    0.0005598400 	,
    0.0005590900 	,
    0.0005565100 	,
    0.0005532100 	,
    0.0005493100 	,
    0.0005463900 	,
    0.0005434200 	,
    0.0005380100 	,
    0.0005332900 	,
    0.0005267600 	,
    0.0005238500 	,
    0.0005259200 	,
    0.0005234100 	,
    0.0005167700 	,
    0.0005103800 	,
    0.0005035500 	,
    0.0004980000 	,
    0.0004904800 	,
    0.0004850700 	,
    0.0004796200 	,
    0.0004725200 	,
    0.0004656200 	,
    0.0004594500 	,
    0.0004529800 	,
    0.0004466300 	,
    0.0004392600 	,
    0.0004319400 	,
    0.0004261600 	,
    0.0004190900 	,
    0.0004118700 	,
    0.0004055100 	,
    0.0003988300 	,
    0.0003921800 	,
    0.0003854000 	,
    0.0003780900 	,
    0.0003712800 	,
    0.0003635700 	,
    0.0003581400 	,
    0.0003503800 	,
    0.0003441700 	,
    0.0003370400 	,
    0.0003310300 	,
    0.0003246300 	,
    0.0003175200 	,
    0.0003107400 	,
    0.0003034000 	,
    0.0002976300 	,
    0.0002914200 	,
    0.0002856200 	,
    0.0002790200 	,
    0.0002728600 	,
    0.0002658700 	,
    0.0002592000 	,
    0.0002537900 	,
    0.0002480900 	,
    0.0002421100 	,
    0.0002364600 	,
    0.0002313800 	,
    0.0002261500 	,
    0.0002192500 	,
    0.0002135100 	,
    0.0002093300 	,
    0.0002037300 	,
    0.0001988000 	,
    0.0001943400 	,
    0.0001889500 	,
    0.0001837000 	,
    0.0001790500 	,
    0.0001741400 	,
    0.0001697700 	,
    0.0001655100 	,
    0.0001606200 	,
    0.0001565300 	,
    0.0001521000 	,
    0.0001484000 	,
    0.0001439300 	,
    0.0001397100 	,
    0.0001362900 	,
    0.0001326000 	,
    0.0001289200 	,
    0.0001254400 	,
    0.0001213400 	,
    0.0001183600 	,
    0.0001155100 	,
    0.0001120700 	,
    0.0001081900 	,
    0.0001050100 	,
    0.0001027600 	,
    0.0001001800 	,
    0.0000970580 	,
    0.0000939290 	,
    0.0000910010 	,
    0.0000884280 	,
    0.0000858250 	,
    0.0000833960 	,
    0.0000804310 	,
    0.0000783140 	,
    0.0000764100 	,
    0.0000735270 	,
    0.0000715740 	,
    0.0000692850 	,
    0.0000673550 	,
    0.0000653790 	,
    0.0000638690 	,
    0.0000619180 	,
    0.0000596790 	,
    0.0000580700 	,
    0.0000560220 	,
    0.0000544060 	,
    0.0000528960 	,
    0.0000510810 	,
    0.0000499260 	,
    0.0000481730 	,
    0.0000467760 	,
    0.0000452530 	,
    0.0000438620 	,
    0.0000425280 	,
    0.0000410160 	,
    0.0000398250 	,
    0.0000386620 	,
    0.0000375920 	,
    0.0000364750 	,
    0.0000353620 	,
    0.0000340650 	,
    0.0000331650 	,
    0.0000322230 	,
    0.0000312000 	,
    0.0000300950 	,
    0.0000291970 	,
    0.0000282110 	,
    0.0000275260 	,
    0.0000266430 	,
    0.0000259000 	,
    0.0000252880 	,
    0.0000243970 	,
    0.0000238330 	,
    0.0000228480 	,
    0.0000223100
};

const double spec_testdata3[401]={
    0.68    ,
    0.58	,
    0.53	,
    0.43	,
    0.23	,
    0.36	,
    0.3	,
    0.35	,
    0.5	,
    0.53	,
    0.48	,
    0.36	,
    0.43	,
    0.47	,
    0.41	,
    0.37	,
    0.42	,
    0.39	,
    0.43	,
    0.54	,
    0.48	,
    0.39	,
    0.47	,
    0.56	,
    0.51	,
    0.51	,
    0.55	,
    0.62	,
    0.59	,
    0.66	,
    0.79	,
    0.91	,
    0.98	,
    1.12	,
    1.15	,
    1.3	,
    1.56	,
    1.78	,
    2.02	,
    2.29	,
    2.78	,
    3.26	,
    3.72	,
    4.3	,
    4.92	,
    5.62	,
    6.42	,
    7.42	,
    8.5	,
    9.72	,
    11.15	,
    12.62	,
    14.34	,
    16.42	,
    18.43	,
    20.89	,
    23.64	,
    26.88	,
    31.1	,
    35.17	,
    40.32	,
    46.38	,
    53.09	,
    60.69	,
    68.93	,
    77.08	,
    85.53	,
    92.03	,
    97.3	,
    99.35	,
    99.81	,
    96.48	,
    90.64	,
    83.73	,
    75.87	,
    67.89	,
    60.82	,
    54.95	,
    50.07	,
    46.56	,
    43.73	,
    41.59	,
    40.29	,
    38.65	,
    37.09	,
    35.33	,
    33.14	,
    31.09	,
    28.82	,
    26.6	,
    24.58	,
    22.74	,
    20.45	,
    19.15	,
    18.19	,
    17.42	,
    16.93	,
    16.68	,
    16.61	,
    16.43	,
    16.44	,
    16.63	,
    16.52	,
    16.52	,
    16.68	,
    16.77	,
    16.97	,
    17.14	,
    17.29	,
    17.6	,
    18.05	,
    18.41	,
    18.76	,
    19.26	,
    19.88	,
    20.29	,
    20.94	,
    21.4	,
    22.05	,
    22.49	,
    22.89	,
    23.43	,
    23.85	,
    24.29	,
    24.72	,
    25.04	,
    25.37	,
    25.93	,
    26.24	,
    26.66	,
    27	,
    27.29	,
    27.7	,
    28.07	,
    28.37	,
    28.64	,
    28.99	,
    29.23	,
    29.67	,
    29.91	,
    30.07	,
    30.36	,
    30.73	,
    31.08	,
    31.41	,
    31.76	,
    31.96	,
    32.23	,
    32.75	,
    32.93	,
    33.28	,
    33.6	,
    33.86	,
    34.22	,
    34.57	,
    35	,
    35.18	,
    35.5	,
    35.71	,
    35.93	,
    36.31	,
    36.87	,
    37.04	,
    37.22	,
    37.41	,
    37.72	,
    38.05	,
    38.43	,
    38.66	,
    39.03	,
    39.28	,
    39.47	,
    39.62	,
    39.93	,
    40.35	,
    40.58	,
    40.68	,
    40.91	,
    41.16	,
    41.35	,
    41.53	,
    41.7	,
    41.81	,
    42.23	,
    42.07	,
    42.39	,
    42.67	,
    42.92	,
    43.11	,
    43.3	,
    43.53	,
    43.84	,
    43.94	,
    44.27	,
    44.6	,
    44.86	,
    45.22	,
    45.44	,
    45.72	,
    46.01	,
    46.42	,
    46.83	,
    47.17	,
    47.68	,
    47.97	,
    48.49	,
    48.96	,
    49.44	,
    50.05	,
    50.48	,
    51.01	,
    51.75	,
    52.26	,
    53.06	,
    53.69	,
    54.2	,
    55.04	,
    55.7	,
    56.3	,
    57.16	,
    57.78	,
    58.55	,
    59.42	,
    60.15	,
    60.9	,
    61.84	,
    62.48	,
    63.28	,
    64.11	,
    64.96	,
    65.63	,
    66.54	,
    67.43	,
    68.18	,
    68.8	,
    69.41	,
    70.36	,
    71.04	,
    71.83	,
    72.49	,
    73.01	,
    73.46	,
    73.97	,
    74.6	,
    75.1	,
    75.8	,
    76.12	,
    76.36	,
    76.69	,
    76.97	,
    77.25	,
    77.52	,
    77.71	,
    77.67	,
    77.92	,
    78.09	,
    78.14	,
    78.24	,
    78.4	,
    78.21	,
    77.98	,
    77.81	,
    77.58	,
    77.24	,
    77.14	,
    76.78	,
    76.33	,
    75.79	,
    75.39	,
    74.98	,
    74.23	,
    73.58	,
    72.68	,
    72.28	,
    72.56	,
    72.22	,
    71.3	,
    70.42	,
    69.47	,
    68.71	,
    67.67	,
    66.93	,
    66.17	,
    65.19	,
    64.24	,
    63.39	,
    62.5	,
    61.62	,
    60.61	,
    59.59	,
    58.8	,
